----------Pnp----------
图片0的旋转矩阵为
[0.9211973166036321, 0.00866365701226041, 0.3889992865410448;
 0.04262001292546143, -0.9959831428550686, -0.07874715008667642;
 0.3867544936784852, 0.08912081797040437, -0.9178662437543852]
图片0的平移向量为
[-83.07221353465478;
 49.80225745673435;
 154.5696773941535]
---------------------
图片1的旋转矩阵为
[0.9969648246318685, 0.05702785644546554, 0.05299964184768966;
 0.05998611488449493, -0.9966265165556425, -0.05601118209098666;
 0.04962665078173398, 0.05902042093547676, -0.9970224598497202]
图片1的平移向量为
[-76.74479357497977;
 52.87259762741868;
 177.9045271405013]
---------------------
图片2的旋转矩阵为
[0.9908480205816005, 0.05117859896617971, -0.1249037674266994;
 0.0463607916100416, -0.9980755663760977, -0.04118058771219812;
 -0.1267709632006256, 0.03501306628804018, -0.9913138796961812]
图片2的平移向量为
[-80.48749355336564;
 49.43927458281973;
 186.4119493073517]
---------------------
图片3的旋转矩阵为
[0.8340161324564618, 0.0211479668892698, -0.5513346119180389;
 0.02807452948195756, -0.9995973147397202, 0.004126640220253022;
 -0.5510253275455956, -0.01892014433325133, -0.834274005673003]
图片3的平移向量为
[-62.36606318626971;
 41.93281683025259;
 230.2940788828087]
---------------------
图片4的旋转矩阵为
[0.7699273575371245, 0.01247063140735196, -0.6380096766258349;
 0.07278709534999364, -0.9950000289906863, 0.06838845705997738;
 -0.6339667994985315, -0.09909301519701276, -0.766985444107483]
图片4的平移向量为
[-66.08073652278334;
 30.70166582112196;
 244.3736603060014]
---------------------
图片5的旋转矩阵为
[0.9164213814746384, -0.08770561889395723, -0.3904863326552462;
 0.0747210760251229, -0.9210403830721603, 0.3822320938225047;
 -0.3931775837630669, -0.3794632224138674, -0.8375076420317134]
图片5的平移向量为
[-76.36664537608455;
 43.26406972088236;
 253.4015421073723]
---------------------
图片6的旋转矩阵为
[0.9864321568227696, -0.03241080261030206, -0.1609383107284754;
 0.04225352018009473, -0.8971695976053613, 0.4396604976172232;
 -0.1586387090793718, -0.4404954630944456, -0.8836274706995253]
图片6的平移向量为
[-73.16991222072036;
 39.52566179435796;
 233.7290698789132]
---------------------
图片7的旋转矩阵为
[0.9991854272183787, -0.0397798122551922, -0.006785909767094714;
 -0.03021288519207467, -0.8489008636489933, 0.527687886220978;
 -0.02675188970514057, -0.5270530241189542, -0.8494112350117986]
图片7的平移向量为
[-41.73630938222938;
 32.98052114317768;
 204.4399778331131]
---------------------
图片8的旋转矩阵为
[0.9756015160964697, 0.05752138049181171, 0.2118796181245072;
 -0.06737903633507281, -0.8400517467103727, 0.538305794424887;
 0.2089539357198799, -0.5394481936527065, -0.8156800225039255]
图片8的平移向量为
[-62.17349690558415;
 43.02649788284243;
 196.1903380982982]
---------------------
图片9的旋转矩阵为
[0.8916505013990182, 0.2364950027776736, 0.3860433874787499;
 0.007677331764412834, -0.8604878315287274, 0.5094131431048551;
 0.45265930006116, -0.4512547013075616, -0.7690700570272934]
图片9的平移向量为
[-63.11246683630507;
 50.35598269726508;
 177.2566168658352]
---------------------
图片10的旋转矩阵为
[0.8944270409713442, 0.08930115064193163, 0.4382072259482629;
 0.05215173107530367, -0.9940027647454255, 0.0961181597009618;
 0.4441626563828775, -0.06311741576203372, -0.8937201611815795]
图片10的平移向量为
[-49.04444246117897;
 27.2633087454928;
 190.1705044097425]
---------------------
图片11的旋转矩阵为
[0.9093191912182725, 0.06433780444658346, 0.4110951901946067;
 0.1719186524381619, -0.9577947678434828, -0.2303761264443332;
 0.3789229280816788, 0.2801603640964262, -0.8820020322898156]
图片11的平移向量为
[-50.71804205581798;
 33.52169984999312;
 179.8176189867974]
---------------------
图片12的旋转矩阵为
[0.9872526269744695, 0.1144666057536555, 0.1105877330414469;
 0.1449419814414135, -0.9336524426846086, -0.327543795979867;
 0.06575768052361711, 0.3393972781804547, -0.9383418433683179]
图片12的平移向量为
[-53.57011282056985;
 44.2128275023907;
 193.2035760990349]
---------------------
图片13的旋转矩阵为
[0.9804206076148813, 0.1152739989501191, -0.1596475409460287;
 0.05972513449569991, -0.9466313010432997, -0.316736622755469;
 -0.1876388565130808, 0.3010001412808932, -0.934981590447291]
图片13的平移向量为
[-60.78899028473137;
 42.85245994273579;
 216.669949519731]
---------------------
图片14的旋转矩阵为
[0.8412833668775199, 0.1684355167797447, -0.513684507555333;
 0.01520442180914956, -0.9572180653052247, -0.2889678200263344;
 -0.5403805345982348, 0.2352935446213152, -0.8078526014607263]
图片14的平移向量为
[-50.6751179983299;
 32.24446930247239;
 240.0062925146491]
---------------------
图片15的旋转矩阵为
[0.8730648153898694, 0.2166664489091914, -0.4368220210169524;
 0.05714051933059468, -0.9351431572317943, -0.3496315725634366;
 -0.4842445551360222, 0.2802907872186178, -0.8288210213438627]
图片15的平移向量为
[-63.03729294251718;
 31.75211977985222;
 196.102779356074]
---------------------
图片16的旋转矩阵为
[0.9906669984378972, 0.05064943338296156, 0.1265445893905887;
 0.09337394143456436, -0.9285208639097243, -0.3593470639163674;
 0.09929856628885592, 0.3678092442861167, -0.9245843144628042]
图片16的平移向量为
[-81.55927904927945;
 25.16438564820838;
 143.8832777170456]
---------------------
图片17的旋转矩阵为
[0.900132202157687, 0.001671555046058898, 0.4356136184079641;
 0.1389522910619399, -0.9488568101033447, -0.2834837115764208;
 0.4128610897715954, 0.3157023278726868, -0.8543288364139286]
图片17的平移向量为
[-68.47476820621162;
 25.22882414191975;
 123.2324745910696]
---------------------
图片18的旋转矩阵为
[0.8307228392141678, -0.02653883564149626, 0.5560532839672342;
 0.1130717073615872, -0.9699974690514728, -0.215220117619317;
 0.5450819694342196, 0.2416621613669188, -0.8027982600636238]
图片18的平移向量为
[-40.80890875433762;
 33.53233143636359;
 127.8317818612146]
---------------------
图片19的旋转矩阵为
[0.9509975375939104, 0.2654095476970584, 0.1586236283835453;
 0.1342709131135228, -0.8166087565060256, 0.5613568033696067;
 0.2785228992057547, -0.5125503982916463, -0.812229698933187]
图片19的平移向量为
[-53.98272858283725;
 35.70348451130288;
 188.0472022026872]
---------------------
图片20的旋转矩阵为
[0.9976982040501795, 0.06654317148768693, -0.01304990281216272;
 0.06265664983714139, -0.8310414936018179, 0.5526700463597114;
 0.0259314069466439, -0.5522155758763239, -0.8332979778526691]
图片20的平移向量为
[-68.53955269715098;
 37.44151681853817;
 182.544461628177]
---------------------
图片21的旋转矩阵为
[0.9162190261915039, -0.1619727224634342, -0.366479921990927;
 0.07029494129023592, -0.8354845702536114, 0.5449992239417782;
 -0.3944633281734754, -0.5251003428354637, -0.754100996339604]
图片21的平移向量为
[-85.09909500673787;
 28.82220758381522;
 210.4321818734431]
---------------------
图片22的旋转矩阵为
[0.9466482276680674, 0.008893962735733479, -0.3221459769728015;
 0.030737087126532, -0.997553827516803, 0.06278210478753035;
 -0.3207995706479068, -0.06933439718806131, -0.9446059373297877]
图片22的平移向量为
[-85.32955088031945;
 39.72474038173601;
 217.1731857606599]
---------------------
图片23的旋转矩阵为
[0.9744432987397589, 0.0569697259203587, -0.2172894564164013;
 0.04450481172584442, -0.9970934732220098, -0.06183791224901067;
 -0.2201807877050654, 0.05058711285128271, -0.9741464801244978]
图片23的平移向量为
[-85.53639132497497;
 47.68879919156421;
 207.5990806091814]
---------------------
图片24的旋转矩阵为
[0.9923152620300872, 0.0361416472431466, 0.118339351344813;
 0.05207274775728336, -0.9895538056199114, -0.1344310035823471;
 0.1122445975678361, 0.1395601917371234, -0.9838313387970176]
图片24的平移向量为
[-101.2225123842843;
 44.75875498962508;
 172.9772239879535]
---------------------
图片25的旋转矩阵为
[0.9282565007888548, 0.04268443303901996, 0.369483298566211;
 0.08700305973895119, -0.9907517337624714, -0.1041223782033313;
 0.3616218139704668, 0.1287984519425388, -0.92338541381046]
图片25的平移向量为
[-54.67271157460343;
 34.60387471382425;
 142.7531231046046]
---------------------
图片26的旋转矩阵为
[0.9100974457732141, 0.06861364696831163, 0.4086744506900089;
 0.2272016842697843, -0.9073747654850517, -0.3536247016625404;
 0.3465574034154311, 0.4146844612601916, -0.841388592582107]
图片26的平移向量为
[-54.73626126204713;
 23.89130915159143;
 135.0486133647326]
---------------------
图片27的旋转矩阵为
[0.9737550625891982, 0.1811761353899466, 0.1377544411155969;
 0.2235774466889691, -0.8747160801880939, -0.4299824466096463;
 0.04259346679888676, 0.4494963704253238, -0.8922661091627947]
图片27的平移向量为
[-80.99296169085139;
 11.31553695714774;
 146.3206026824393]
---------------------
图片28的旋转矩阵为
[0.8733029409397043, 0.07511311989977408, -0.4813522541393009;
 -0.1100619880662806, -0.9320793990065096, -0.3451294724166015;
 -0.4745822711911623, 0.3543811693171435, -0.8057205810356666]
图片28的平移向量为
[-79.38814003401271;
 41.92588847223299;
 177.0542979850006]
---------------------
图片29的旋转矩阵为
[0.8160176213842216, 0.002423186269930364, -0.5780219457414554;
 -0.1244931934658194, -0.9757858225427217, -0.1798429128581553;
 -0.5644614126502526, 0.2187147838920021, -0.7959567556946521]
图片29的平移向量为
[-72.8916670473829;
 50.53539862317085;
 195.6923025038652]
---------------------
图片30的旋转矩阵为
[0.8407494184949076, -0.08367117461580809, -0.5349201340750658;
 -0.03098417524506311, -0.9938030051958204, 0.1067500245814452;
 -0.5405371367305476, -0.07317596191487261, -0.8381317810541338]
图片30的平移向量为
[-79.07725922903644;
 51.00470133463479;
 214.974511211778]
---------------------
图片31的旋转矩阵为
[0.905267733954518, -0.0765710021516956, -0.4178842082327801;
 0.09922214894343281, -0.9183149324571848, 0.3832135827253561;
 -0.4130923565256318, -0.3883742608047567, -0.8237233385818683]
图片31的平移向量为
[-64.96335692426329;
 43.12153229466735;
 241.4020721600403]
---------------------
图片32的旋转矩阵为
[0.9954946248777758, 0.03769006756195099, 0.08700523344392122;
 0.01356759682288944, -0.9647822777728797, 0.2626995942361264;
 0.09384227275544416, -0.2603355820907882, -0.9609469353411474]
图片32的平移向量为
[-70.42275227879664;
 54.21261851666063;
 188.1158390392392]
---------------------
图片33的旋转矩阵为
[0.9206662138715687, 0.06065452709091095, 0.3856095836189359;
 -0.03733500564120158, -0.9696425607258, 0.2416596817487033;
 0.3885612178140822, -0.2368846402207012, -0.8904526080810513]
图片33的平移向量为
[-67.67353931265224;
 70.41153982170128;
 190.775210068931]
---------------------
图片34的旋转矩阵为
[0.85906632158596, 0.08852894895316823, 0.5041504540452337;
 0.1581670269778383, -0.9826400113918282, -0.09696287737510409;
 0.4868143862847109, 0.1630375208628831, -0.8581553006869591]
图片34的平移向量为
[-46.04430965026912;
 31.43863188610911;
 166.0285153399616]
---------------------
图片35的旋转矩阵为
[0.9828755016229427, 0.03720933975452072, 0.1804749659772239;
 0.09881003801335798, -0.9331132519546989, -0.3457401269947203;
 0.1555388205473033, 0.3576522389997849, -0.9208108118615866]
图片35的平移向量为
[-71.669084386232;
 30.63727855435927;
 186.4725508319025]
---------------------
图片36的旋转矩阵为
[0.997627932391989, 0.06879188762176362, 0.002486907461031189;
 0.06586192273911091, -0.9433846263788248, -0.32509637624125;
 -0.02001788311466703, 0.3244890181647441, -0.9456776202523183]
图片36的平移向量为
[-91.76291867667737;
 33.18562382963334;
 144.4964608791763]
---------------------
图片37的旋转矩阵为
[0.864104009155552, 0.00146892767342071, -0.5033111399649243;
 -0.0828746879307673, -0.9859312246396092, -0.1451599338006815;
 -0.4964433980442073, 0.1671450344225953, -0.8518253870402022]
图片37的平移向量为
[-70.60571612127907;
 38.0527738882281;
 182.2859415797669]
---------------------
图片38的旋转矩阵为
[0.8746199145188421, -0.0007655036258146786, -0.4848086417662664;
 -0.05264575869545494, -0.9942352744264795, -0.09340579841467458;
 -0.4819423505134541, 0.107217690192905, -0.8696182712496703]
图片38的平移向量为
[-76.16640890085019;
 42.65804521659521;
 189.2522108744988]
---------------------
图片39的旋转矩阵为
[0.9984270667088283, 0.01046096768612709, 0.05508139993025089;
 0.004385914821065566, -0.9940015176726666, 0.1092782989235178;
 0.05589415188003836, -0.1088648291208192, -0.9924839005072605]
图片39的平移向量为
[-71.68272415789343;
 35.40544732747176;
 169.2323338586901]
---------------------
图片40的旋转矩阵为
[0.9937771963024002, 0.001614565240938625, 0.1113744911926552;
 -0.004206276144354638, -0.9986377618337493, 0.05200892116432791;
 0.1113067444063365, -0.05215375172279167, -0.9924166437695914]
图片40的平移向量为
[-76.05446250101132;
 47.3938059634123;
 135.1706785614499]
---------------------
